100	3e-06
1100	9e-06
2100	1.3e-05
3100	2e-05
4100	2.5e-05
5100	3.4e-05
6100	3.6e-05
7100	4.2e-05
8100	4.8e-05
9100	5.3e-05
10100	5.8e-05
11100	6.5e-05
12100	7e-05
13100	7.6e-05
14100	8.2e-05
15100	8.8e-05
16100	9.2e-05
17100	9.9e-05
18100	0.000112
19100	0.00011
20100	0.000115
21100	0.000121
22100	0.000127
23100	0.000133
24100	0.000138
25100	0.000143
26100	0.000149
27100	0.000156
28100	0.00016
29100	0.000166
30100	0.000172
31100	0.000177
32100	0.000187
33100	0.000188
34100	0.000196
35100	0.000208
36100	0.000205
37100	0.000211
38100	0.000219
39100	0.000223
40100	0.000228
41100	0.000234
42100	0.000239
43100	0.000245
44100	0.00025
45100	0.000256
46100	0.000262
47100	0.000268
48100	0.000273
49100	0.000279
50100	0.000284
51100	0.000291
52100	0.000297
53100	0.000302
54100	0.000307
55100	0.000314
56100	0.000319
57100	0.000324
58100	0.000329
59100	0.000335
60100	0.000376
61100	0.000347
62100	0.000352
63100	0.000359
64100	0.000364
65100	0.000369
66100	0.000376
67100	0.00038
68100	0.000388
69100	0.000392
70100	0.000397
71100	0.000403
72100	0.000429
73100	0.000415
74100	0.000421
75100	0.000426
76100	0.000431
77100	0.000437
78100	0.000443
79100	0.000449
80100	0.000455
81100	0.00046
82100	0.000466
83100	0.00047
84100	0.000477
85100	0.000483
86100	0.000489
87100	0.000494
88100	0.000499
89100	0.000505
90100	0.000511
91100	0.000517
92100	0.000523
93100	0.000527
94100	0.000533
95100	0.000539
96100	0.000546
97100	0.00055
98100	0.000556
99100	0.000561
100100	0.000567
101100	0.000573
102100	0.000578
103100	0.000584
104100	0.00059
105100	0.000595
106100	0.000601
107100	0.000608
108100	0.000612
109100	0.000617
110100	0.000624
111100	0.00063
112100	0.000635
113100	0.00064
114100	0.000645
115100	0.000651
116100	0.000659
117100	0.000662
118100	0.000668
119100	0.000674
120100	0.000704
121100	0.000688
122100	0.000697
123100	0.000697
124100	0.000703
125100	0.000708
126100	0.000717
127100	0.000724
128100	0.000726
129100	0.000731
130100	0.000741
131100	0.000743
132100	0.000748
133100	0.000753
134100	0.000759
135100	0.000764
136100	0.00077
137100	0.000782
138100	0.000783
139100	0.000794
140100	0.000794
141100	0.000799
142100	0.000804
143100	0.000809
144100	0.000815
145100	0.000821
146100	0.000831
147100	0.000832
148100	0.000837
149100	0.000845
150100	0.000858
151100	0.000855
152100	0.000867
153100	0.000872
154100	0.000879
155100	0.00088
156100	0.000883
157100	0.000888
158100	0.000896
159100	0.0009
160100	0.000906
161100	0.000927
162100	0.000925
163100	0.000928
164100	0.000938
165100	0.000937
166100	0.000943
167100	0.000949
168100	0.000954
169100	0.000966
170100	0.000965
171100	0.000971
172100	0.000983
173100	0.00098
174100	0.000985
175100	0.001029
176100	0.001021
177100	0.001009
178100	0.00105
179100	0.001022
180100	0.001027
181100	0.001027
182100	0.001065
183100	0.001045
184100	0.001052
185100	0.00105
186100	0.001055
187100	0.001062
188100	0.00107
189100	0.001085
190100	0.00108
191100	0.001087
192100	0.001089
193100	0.001092
194100	0.001101
195100	0.00113
196100	0.001112
197100	0.001116
198100	0.001129
199100	0.001126
200100	0.001133
201100	0.001137
202100	0.001143
203100	0.001149
204100	0.001164
205100	0.001161
206100	0.001195
207100	0.001171
208100	0.001177
209100	0.001183
210100	0.001193
211100	0.001196
212100	0.001231
213100	0.001205
214100	0.001237
215100	0.001223
216100	0.001252
217100	0.001228
218100	0.001236
219100	0.001245
220100	0.001245
221100	0.001253
222100	0.001256
223100	0.001262
224100	0.001286
225100	0.001273
226100	0.001281
227100	0.001291
228100	0.001291
229100	0.001295
230100	0.001303
231100	0.001306
232100	0.001316
233100	0.001319
234100	0.001326
235100	0.00133
236100	0.001336
237100	0.001341
238100	0.001349
239100	0.001362
240100	0.001358
241100	0.001365
242100	0.001369
243100	0.001375
244100	0.001383
245100	0.001389
246100	0.001393
247100	0.001397
248100	0.001404
249100	0.00141
250100	0.001414
251100	0.00142
252100	0.001436
253100	0.001432
254100	0.001437
255100	0.001443
256100	0.001448
257100	0.001459
258100	0.001459
259100	0.001465
260100	0.001471
261100	0.001491
262100	0.001482
263100	0.001488
264100	0.00156
265100	0.001502
266100	0.001506
267100	0.001515
268100	0.001516
269100	0.001522
270100	0.001528
271100	0.001533
272100	0.001538
273100	0.001554
274100	0.001555
275100	0.001556
276100	0.001566
277100	0.001597
278100	0.001572
279100	0.001578
280100	0.001586
281100	0.001627
282100	0.001596
283100	0.001602
284100	0.001608
285100	0.001612
286100	0.001619
287100	0.001624
288100	0.001629
289100	0.001636
290100	0.00164
291100	0.001646
292100	0.001654
293100	0.001656
294100	0.001665
295100	0.001669
296100	0.001675
297100	0.001681
298100	0.001693
299100	0.001691
300100	0.001698
301100	0.001703
302100	0.00171
303100	0.001727
304100	0.001721
305100	0.001727
306100	0.001731
307100	0.00175
308100	0.001751
309100	0.001747
310100	0.001754
311100	0.00176
312100	0.001766
313100	0.001771
314100	0.001777
315100	0.001783
316100	0.001789
317100	0.001793
318100	0.001799
319100	0.001804
320100	0.001811
321100	0.001816
322100	0.001822
323100	0.001827
324100	0.001833
325100	0.001838
326100	0.001844
327100	0.001849
328100	0.001854
329100	0.001861
330100	0.001866
331100	0.001872
332100	0.001878
333100	0.001885
334100	0.001889
335100	0.001896
336100	0.001901
337100	0.001907
338100	0.001912
339100	0.001917
340100	0.001924
341100	0.001929
342100	0.001934
343100	0.001941
344100	0.001946
345100	0.001953
346100	0.001957
347100	0.001963
348100	0.001969
349100	0.001973
350100	0.001979
351100	0.001987
352100	0.001991
353100	0.002
354100	0.002003
355100	0.002012
356100	0.002014
357100	0.002023
358100	0.002024
359100	0.002034
360100	0.002037
361100	0.002044
362100	0.002046
363100	0.00206
364100	0.002058
365100	0.002066
366100	0.002069
367100	0.002077
368100	0.002082
369100	0.002087
370100	0.002094
371100	0.002099
372100	0.002104
373100	0.00211
374100	0.002115
375100	0.002122
376100	0.002127
377100	0.002182
378100	0.002137
379100	0.002145
380100	0.00215
381100	0.002155
382100	0.002172
383100	0.002165
384100	0.002173
385100	0.002178
386100	0.002183
387100	0.002189
388100	0.002201
389100	0.002209
390100	0.002253
391100	0.002216
392100	0.002217
393100	0.002225
394100	0.002232
395100	0.00224
396100	0.00224
397100	0.002246
398100	0.002252
399100	0.002256
400100	0.002262
401100	0.002268
402100	0.002272
403100	0.00228
404100	0.002286
405100	0.002292
406100	0.002297
407100	0.002303
408100	0.002308
409100	0.002313
410100	0.002319
411100	0.002325
412100	0.002329
413100	0.002336
414100	0.002341
415100	0.002347
416100	0.002353
417100	0.002358
418100	0.002363
419100	0.002373
420100	0.002381
421100	0.002381
422100	0.00239
423100	0.002395
424100	0.002399
425100	0.002403
426100	0.00241
427100	0.002425
428100	0.002426
429100	0.002425
430100	0.002431
431100	0.002436
432100	0.002443
433100	0.002462
434100	0.002454
435100	0.00246
436100	0.002465
437100	0.002472
438100	0.002478
439100	0.002482
440100	0.002488
441100	0.002495
442100	0.0025
443100	0.002505
444100	0.00251
445100	0.002517
446100	0.002522
447100	0.002526
448100	0.002532
449100	0.002539
450100	0.002545
451100	0.00255
452100	0.002555
453100	0.002561
454100	0.002566
455100	0.002574
456100	0.002578
457100	0.002584
458100	0.00259
459100	0.002595
460100	0.00263
461100	0.002615
462100	0.002614
463100	0.002619
464100	0.002624
465100	0.002629
466100	0.002643
467100	0.002652
468100	0.002673
469100	0.002652
470100	0.002658
471100	0.002669
472100	0.00268
473100	0.002675
474100	0.00269
475100	0.002686
476100	0.002691
477100	0.002839
478100	0.002708
479100	0.002709
480100	0.002712
481100	0.002721
482100	0.002726
483100	0.00273
484100	0.002737
485100	0.002745
486100	0.002747
487100	0.002754
488100	0.002771
489100	0.002765
490100	0.002769
491100	0.002785
492100	0.002781
493100	0.002788
494100	0.002797
495100	0.002798
496100	0.002806
497100	0.002811
498100	0.002823
499100	0.002821
500100	0.002827
501100	0.002833
502100	0.002839
503100	0.002845
504100	0.002849
505100	0.002855
506100	0.00286
507100	0.002868
508100	0.002871
509100	0.002879
510100	0.002885
511100	0.002895
512100	0.002896
513100	0.002912
514100	0.002906
515100	0.002924
516100	0.002917
517100	0.00295
518100	0.00293
519100	0.002935
520100	0.00294
521100	0.002947
522100	0.002952
523100	0.002956
524100	0.002965
525100	0.002969
526100	0.002976
527100	0.002979
528100	0.002984
529100	0.002989
530100	0.003
531100	0.00301
532100	0.003036
533100	0.003016
534100	0.00302
535100	0.003035
536100	0.003032
537100	0.003036
538100	0.003049
539100	0.003047
540100	0.003052
541100	0.003059
542100	0.003063
543100	0.003069
544100	0.003075
545100	0.003128
546100	0.003086
547100	0.003094
548100	0.003104
549100	0.003105
550100	0.00311
551100	0.003117
552100	0.003128
553100	0.003132
554100	0.003132
555100	0.003139
556100	0.003145
557100	0.003149
558100	0.003154
559100	0.00316
560100	0.003165
561100	0.003173
562100	0.003178
563100	0.003185
564100	0.003188
565100	0.003195
566100	0.0032
567100	0.003207
568100	0.00321
569100	0.003217
570100	0.003222
571100	0.003228
572100	0.003234
573100	0.00324
574100	0.003245
575100	0.003256
576100	0.003256
577100	0.003268
578100	0.003266
579100	0.003274
580100	0.003279
581100	0.003285
582100	0.003291
583100	0.003298
584100	0.003303
585100	0.003307
586100	0.003314
587100	0.003334
588100	0.003324
589100	0.003329
590100	0.003355
591100	0.003341
592100	0.003348
593100	0.003353
594100	0.003359
595100	0.003365
596100	0.003369
597100	0.003374
598100	0.003382
599100	0.003386
600100	0.003391
601100	0.003398
602100	0.003404
603100	0.003409
604100	0.003415
605100	0.003421
606100	0.003425
607100	0.003435
608100	0.003437
609100	0.003443
610100	0.003449
611100	0.003455
612100	0.00346
613100	0.003467
614100	0.00348
615100	0.003477
616100	0.003482
617100	0.003489
618100	0.003492
619100	0.003498
620100	0.003505
621100	0.003567
622100	0.003517
623100	0.00352
624100	0.003529
625100	0.003532
626100	0.003553
627100	0.003545
628100	0.00355
629100	0.003556
630100	0.003562
631100	0.003568
632100	0.003572
633100	0.00358
634100	0.003586
635100	0.003592
636100	0.003597
637100	0.003602
638100	0.003609
639100	0.003612
640100	0.003617
641100	0.003624
642100	0.003631
643100	0.003634
644100	0.003641
645100	0.003647
646100	0.003651
647100	0.003657
648100	0.003662
649100	0.003697
650100	0.003675
651100	0.003681
652100	0.003686
653100	0.00369
654100	0.003696
655100	0.003703
656100	0.003707
657100	0.003714
658100	0.00372
659100	0.003725
660100	0.003731
661100	0.003736
662100	0.003742
663100	0.003766
664100	0.003755
665100	0.003759
666100	0.003765
667100	0.003772
668100	0.003775
669100	0.003783
670100	0.003786
671100	0.003795
672100	0.003798
673100	0.003806
674100	0.003811
675100	0.003815
676100	0.003821
677100	0.003827
678100	0.003832
679100	0.00388
680100	0.003844
681100	0.003849
682100	0.00388
683100	0.00386
684100	0.003867
685100	0.0039
686100	0.003878
687100	0.00389
688100	0.00389
689100	0.003895
690100	0.003928
691100	0.003905
692100	0.003912
693100	0.003915
694100	0.003922
695100	0.003945
696100	0.003934
697100	0.003939
698100	0.003958
699100	0.003952
700100	0.003957
701100	0.003965
702100	0.003968
703100	0.003974
704100	0.004011
705100	0.003999
706100	0.003992
707100	0.003996
708100	0.004
709100	0.004006
710100	0.004014
711100	0.004031
712100	0.004025
713100	0.004038
714100	0.004037
715100	0.004043
716100	0.004048
717100	0.004053
718100	0.004059
719100	0.004065
720100	0.00407
721100	0.004075
722100	0.004082
723100	0.004086
724100	0.004092
725100	0.0041
726100	0.004103
727100	0.00411
728100	0.00412
729100	0.00412
730100	0.004132
731100	0.004132
732100	0.004139
733100	0.004146
734100	0.004158
735100	0.00416
736100	0.004163
737100	0.004169
738100	0.004174
739100	0.004181
740100	0.004191
741100	0.004189
742100	0.004206
743100	0.0042
744100	0.004204
745100	0.004239
746100	0.004218
747100	0.004222
748100	0.004227
749100	0.004242
750100	0.004238
751100	0.004246
752100	0.004387
753100	0.004256
754100	0.004262
755100	0.004268
756100	0.004273
757100	0.004288
758100	0.004285
759100	0.004291
760100	0.004297
761100	0.0043
762100	0.004307
763100	0.004312
764100	0.004317
765100	0.004324
766100	0.004368
767100	0.004334
768100	0.004351
769100	0.004354
770100	0.004352
771100	0.004359
772100	0.004366
773100	0.004369
774100	0.004375
775100	0.004381
776100	0.004387
777100	0.004393
778100	0.004399
779100	0.004403
780100	0.004479
781100	0.004414
782100	0.00442
783100	0.004426
784100	0.00443
785100	0.004436
786100	0.004442
787100	0.004447
788100	0.004453
789100	0.00446
790100	0.004465
791100	0.00447
792100	0.004477
793100	0.004482
794100	0.004488
795100	0.004494
796100	0.0045
797100	0.004503
798100	0.004508
799100	0.004516
800100	0.004522
801100	0.00453
802100	0.004533
803100	0.004538
804100	0.004544
805100	0.00455
806100	0.004554
807100	0.004559
808100	0.004567
809100	0.004572
810100	0.00458
811100	0.004584
812100	0.00459
813100	0.004595
814100	0.004672
815100	0.004609
816100	0.004611
817100	0.004618
818100	0.004634
819100	0.004629
820100	0.004634
821100	0.004652
822100	0.004646
823100	0.004678
824100	0.004657
825100	0.004666
826100	0.004671
827100	0.004673
828100	0.00468
829100	0.004686
830100	0.004693
831100	0.004697
832100	0.004705
833100	0.004707
834100	0.004715
835100	0.004719
836100	0.004725
837100	0.00473
838100	0.004738
839100	0.004743
840100	0.004748
841100	0.004754
842100	0.004758
843100	0.004765
844100	0.00477
845100	0.004776
846100	0.004796
847100	0.004787
848100	0.004793
849100	0.004797
850100	0.004803
851100	0.00481
852100	0.004815
853100	0.004823
854100	0.004827
855100	0.004847
856100	0.004837
857100	0.004851
858100	0.004879
859100	0.004859
860100	0.004859
861100	0.004866
862100	0.004874
863100	0.004903
864100	0.005092
865100	0.004889
866100	0.004942
867100	0.004906
868100	0.004908
869100	0.004912
870100	0.004915
871100	0.004921
872100	0.004929
873100	0.004936
874100	0.00494
875100	0.004966
876100	0.004951
877100	0.00497
878100	0.004962
879100	0.004967
880100	0.004977
881100	0.004978
882100	0.004985
883100	0.00499
884100	0.004996
885100	0.005012
886100	0.005008
887100	0.005018
888100	0.005017
889100	0.005027
890100	0.005034
891100	0.005039
892100	0.005041
893100	0.005049
894100	0.005057
895100	0.0051
896100	0.005063
897100	0.005076
898100	0.005075
899100	0.005083
900100	0.005092
901100	0.005092
902100	0.005097
903100	0.005103
904100	0.005113
905100	0.005115
906100	0.005121
907100	0.005148
908100	0.005132
909100	0.00514
910100	0.005145
911100	0.005148
912100	0.005155
913100	0.005159
914100	0.005164
915100	0.00517
916100	0.005177
917100	0.0052
918100	0.005189
919100	0.005193
920100	0.0052
921100	0.005206
922100	0.005214
923100	0.005216
924100	0.005227
925100	0.005233
926100	0.005234
927100	0.00525
928100	0.005254
929100	0.005258
930100	0.00527
931100	0.005268
932100	0.00527
933100	0.005281
934100	0.00528
935100	0.005343
936100	0.00529
937100	0.00534
938100	0.005307
939100	0.005316
940100	0.005319
941100	0.005324
942100	0.00533
943100	0.005334
944100	0.005349
945100	0.005355
946100	0.005348
947100	0.005352
948100	0.005356
949100	0.00539
950100	0.005378
951100	0.005384
952100	0.00538
953100	0.005387
954100	0.005392
955100	0.005411
956100	0.005564
957100	0.005408
958100	0.005421
959100	0.005421
960100	0.005426
961100	0.005432
962100	0.005438
963100	0.005443
964100	0.005445
965100	0.00546
966100	0.005467
967100	0.005464
968100	0.005474
969100	0.005478
970100	0.005487
971100	0.005495
972100	0.005496
973100	0.005517
974100	0.005509
975100	0.005511
976100	0.005515
977100	0.005524
978100	0.00553
979100	0.005534
980100	0.005542
981100	0.005544
982100	0.005548
983100	0.005556
984100	0.005573
985100	0.005567
986100	0.005585
987100	0.005578
988100	0.005584
989100	0.005592
990100	0.005595
991100	0.005602
992100	0.005608
993100	0.005757
994100	0.005617
995100	0.005624
996100	0.00563
997100	0.005634
998100	0.005639
999100	0.005645
